sinradtable
 DC.W 17,35,53,71,89,107,124,142,160,177
 DC.W 195,212,230,247,265,282,299,316,333,350
 DC.W 366,383,400,416,432,448,464,480,496,511
 DC.W 527,542,557,572,587,601,616,630,644,658
 DC.W 671,685,698,711,724,736,748,760,772,784
 DC.W 795,806,817,828,838,848,858,868,877,886
 DC.W 895,904,912,920,928,935,942,949,955,962
 DC.W 968,973,979,984,989,993,997,1001,1005,1008
 DC.W 1011,1014,1016,1018,1020,1021,1022,1023,1023,1024
 DC.W 1023,1023,1022,1021,1020,1018,1016,1014,1011,1008
 DC.W 1005,1001,997,993,989,984,979,973,968,962
 DC.W 955,949,942,935,928,920,912,904,895,886
 DC.W 877,868,858,848,838,828,817,806,795,784
 DC.W 772,760,748,736,724,711,698,685,671,658
 DC.W 644,630,616,601,587,572,557,542,527,512
 DC.W 496,480,464,448,432,416,400,383,366,350
 DC.W 333,316,299,282,265,247,230,212,195,177
 DC.W 160,142,124,107,89,71,53,35,17,0
 DC.W -18,-36,-54,-72,-90,-108,-125,-143,-161,-178
 DC.W -196,-213,-231,-248,-266,-283,-300,-317,-334,-351
 DC.W -367,-384,-401,-417,-433,-449,-465,-481,-497,-512
 DC.W -528,-543,-558,-573,-588,-602,-617,-631,-645,-659
 DC.W -672,-686,-699,-712,-725,-737,-749,-761,-773,-785
 DC.W -796,-807,-818,-829,-839,-849,-859,-869,-878,-887
 DC.W -896,-905,-913,-921,-929,-936,-943,-950,-956,-963
 DC.W -969,-974,-980,-985,-990,-994,-998,-1002,-1006,-1009
 DC.W -1012,-1015,-1017,-1019,-1021,-1022,-1023,-1024,-1024,-1025
 DC.W -1024,-1024,-1023,-1022,-1021,-1019,-1017,-1015,-1012,-1009
 DC.W -1006,-1002,-998,-994,-990,-985,-980,-974,-969,-963
 DC.W -956,-950,-943,-936,-929,-921,-913,-905,-896,-887
 DC.W -878,-869,-859,-849,-839,-829,-818,-807,-796,-785
 DC.W -773,-761,-749,-737,-725,-712,-699,-686,-672,-659
 DC.W -645,-631,-617,-602,-588,-573,-558,-543,-528,-513
 DC.W -497,-481,-465,-449,-433,-417,-401,-384,-367,-351
 DC.W -334,-317,-300,-283,-266,-248,-231,-213,-196,-178
 DC.W -161,-143,-125,-108,-90,-72,-54,-36,-18,0
cosradtable
 DC.W 1023,1023,1022,1021,1020,1018,1016,1014,1011,1008
 DC.W 1005,1001,997,993,989,984,979,973,968,962
 DC.W 955,949,942,935,928,920,912,904,895,886
 DC.W 877,868,858,848,838,828,817,806,795,784
 DC.W 772,760,748,736,724,711,698,685,671,658
 DC.W 644,630,616,601,587,572,557,542,527,511
 DC.W 496,480,464,448,432,416,400,383,366,350
 DC.W 333,316,299,282,265,247,230,212,195,177
 DC.W 160,142,124,107,89,71,53,35,17,0
 DC.W -18,-36,-54,-72,-90,-108,-125,-143,-161,-178
 DC.W -196,-213,-231,-248,-266,-283,-300,-317,-334,-351
 DC.W -367,-384,-401,-417,-433,-449,-465,-481,-497,-513
 DC.W -528,-543,-558,-573,-588,-602,-617,-631,-645,-659
 DC.W -672,-686,-699,-712,-725,-737,-749,-761,-773,-785
 DC.W -796,-807,-818,-829,-839,-849,-859,-869,-878,-887
 DC.W -896,-905,-913,-921,-929,-936,-943,-950,-956,-963
 DC.W -969,-974,-980,-985,-990,-994,-998,-1002,-1006,-1009
 DC.W -1012,-1015,-1017,-1019,-1021,-1022,-1023,-1024,-1024,-1025
 DC.W -1024,-1024,-1023,-1022,-1021,-1019,-1017,-1015,-1012,-1009
 DC.W -1006,-1002,-998,-994,-990,-985,-980,-974,-969,-963
 DC.W -956,-950,-943,-936,-929,-921,-913,-905,-896,-887
 DC.W -878,-869,-859,-849,-839,-829,-818,-807,-796,-785
 DC.W -773,-761,-749,-737,-725,-712,-699,-686,-672,-659
 DC.W -645,-631,-617,-602,-588,-573,-558,-543,-528,-512
 DC.W -497,-481,-465,-449,-433,-417,-401,-384,-367,-351
 DC.W -334,-317,-300,-283,-266,-248,-231,-213,-196,-178
 DC.W -161,-143,-125,-108,-90,-72,-54,-36,-18,0
 DC.W 17,35,53,71,89,107,124,142,160,177
 DC.W 195,212,230,247,265,282,299,316,333,350
 DC.W 366,383,400,416,432,448,464,480,496,511
 DC.W 527,542,557,572,587,601,616,630,644,658
 DC.W 671,685,698,711,724,736,748,760,772,784
 DC.W 795,806,817,828,838,848,858,868,877,886
 DC.W 895,904,912,920,928,935,942,949,955,962
 DC.W 968,973,979,984,989,993,997,1001,1005,1008
 DC.W 1011,1014,1016,1018,1020,1021,1022,1023,1023,1024
ENDCOSRAD
